4057.224 2.24868460044604
4181.283 5.39727154294148
4362.79 100
4495.068 8.78810123240787
4610.82 8.16188799030717
4772.594 11.6703415146173
4853.329 11.0829775466936
4895.031 14.4347285248135
4936.529 9.29144267707957
5093.261 45.2025913227005
5144.445 4.62421588597598
5341.923 4.860104788322
5376.486 37.5983930482854
5404.618 10.1741137855993
5586.758 5.25268214228418
5717.418 4.4018084669426
5789.465 3.17208859950031
5917.72 1.23075171246884
5981.182 1.13134798991196
5986.38 0.913096588509221
6247.903 94.4979461446931
6308.352 65.9173055656009
6403.789 56.2522192236656
6499.653 8.00158893785537
6540.725 9.98126061194449
6817.912 4.56639220280773
6848.249 7.37827839863713
7148.114 31.1667988328361
7263.485 66.7228802925634
7322.918 15.8197587146403
7695.143 12.6567217647107
7857.483 21.7124397964107
8010.623 4.57722202768412
8105.086 9.33701031338958
8311.579 5.96958103470544
8354.221 16.8745778432714
8417.473 2.15108844242345
8621.488 3.07733861839674
8859.414 18.5090436086833
8879.616 13.8498356147316
8976.669 16.2885302243671
9173.062 10.3507257274677
9208.444 29.0041237705093
9409.295 6.92581292147259
9516.301 22.8086605932178
9956.575 3.73562489313383
10118.724 8.67062645747379
10278.502 8.71958570182814
10629.754 2.57901732797423
10671.424 7.6828872993752
11161.898 4.8069666953937
11198.057 3.81657786818251
11422.079 3.27401926506594
11713.413 0.971429806091052
